-2.300913033726878165e+00 -7.328351974537558045e-01
5.562267463564662950e-01 2.923219111120081148e-01
-7.668541825998616002e-01 6.303962437663032103e-01
1.002152063146712013e+00 4.514872755082164346e-01
8.171288701129553189e-01 -2.456804640585898702e-01
3.145401235074503088e-01 -4.604895630875852630e-01
1.098809708700765553e+00 -5.998613856653540743e-01
-1.671769144815840935e+00 4.532472274136801760e-01
-1.245583263472917895e-01 8.759166982947096391e-01
-8.799511733228284616e-01 -1.750257797570747009e-01
1.745509471403151325e-01 9.481519691711555453e-02
5.439903362898066419e-01 1.666065410369226729e+00
-7.994183280171145434e-01 -2.695411318785842503e-02
5.267256833487570233e-01 7.585498099196046340e-01
5.014381975722217444e-01 -1.143655490635528738e+00
-3.707062982095391757e+00 -9.098749265267308539e-01
-2.914975131500939787e-01 -7.392148787813809796e-02
-6.699939092926675277e-02 -5.634837201016490438e-01
5.889984347785928165e-01 1.220074645860534490e+00
-3.567188155019275220e-01 2.161721965081207397e+00
5.305857106249382005e-01 -7.794145309220031903e-01
1.428256833129967207e+00 -1.023199864955516514e+00
-4.106130597611840072e-01 -1.326306244525786937e+00
4.643751939596780232e-01 1.561177319135560460e+00
-7.649429461501602301e-01 6.018245209317745203e-01
-1.075110650221964059e+00 6.033380703599063866e-01
-5.811626453146350180e-01 -8.355540672894489207e-01
-1.143026315097360524e+00 -2.000418573312731652e-02
-7.131818787350626687e-01 -1.156076801566738199e+00
9.795993115827236197e-01 3.709641763518839452e-01
8.065620050784318151e-02 9.717905060248895055e-02
-9.147926163237439512e-02 -1.261663312858365416e+00
7.515355590214977122e-01 2.967451718653257853e-03
-9.612270693957190859e-02 -1.050296713449375696e+00
1.559827554731252341e+00 3.193864092084017781e-01
4.540948168547175312e-01 -1.076630548058117309e+00
-1.446222175605920701e-01 -3.002754997656498226e-02
1.081511229085873271e+00 5.082522426118447623e-01
5.889114553368590688e-01 2.088744088153983824e+00
1.392888448398958090e+00 1.037597703555274586e+00
1.059862890883380926e+00 1.383097110873779512e+00
6.943981666468520553e-01 -2.304284790053718890e+00
2.437949043906345592e-03 5.595197289022212361e-01
-1.888388793013162092e-01 -1.589890874722280634e+00
-6.769266581016352147e-01 -4.809957950381373859e-01
4.882239225635283675e-01 -6.686211238098385690e-02
-3.443170855371277539e-01 -9.037323221318863675e-01
-4.856391584665371575e-01 1.098077585365937914e+00
